0.120556 1.87911 3.15844
0.100889 1.48078 2.20989
0.0972222 1.05311 1.62367
0.0922222 1.05167 1.62789
0.0914444 1.052 1.63367
0.0911111 1.05244 1.58622
0.0871111 1.05222 1.65422
0.0896667 1.05178 1.71444
0.0888889 1.04933 1.68178
0.0884444 1.05178 1.71056
0.0913333 1.05167 1.71278
0.0908889 1.05122 1.70489
0.0895556 1.05211 1.72578
0.0875556 1.05167 1.74178
0.0922222 1.05078 1.76133
0.0908889 1.05256 1.73233
0.0883333 1.04944 1.76611
0.0892222 1.05111 1.77689
0.0905556 1.05211 1.76078
0.088 1.05278 1.76511
0.089 1.05378 1.72922
0.0891111 1.05089 1.74856
0.0888889 1.05167 1.78
0.0883333 1.05078 1.77056
0.0908889 1.05122 1.77267
0.0896667 1.052 1.74578
0.0897778 1.05078 1.781
0.0891111 1.05133 1.77222
0.0916667 1.05289 1.72278
0.0887778 1.05133 1.73622
0.0912222 1.05289 1.74033
0.0903333 1.05111 1.73289
0.0878889 1.052 1.72967
0.0894444 1.05056 1.72478
0.0876667 1.05167 1.73011
0.0912222 1.04978 1.73133
0.0888889 1.05189 1.73211
0.0864444 1.05078 1.73356
0.0895556 1.05078 1.73033
0.089 1.051 1.72989
0.0882222 1.05333 1.721
0.0913333 1.04978 1.72978
0.0878889 1.05244 1.73678
0.0885556 1.051 1.721
0.0926667 1.05444 1.72744
0.0905556 1.05278 1.75
0.0881111 1.05222 1.72478
0.0913333 1.05211 1.72389
0.0894444 1.05044 1.71889
0.088 1.05144 1.72322
0.0894444 1.05178 1.72789
0.089 1.05044 1.72289
0.0911111 1.05244 1.73378
0.0911111 1.04933 1.729
0.0912222 1.04989 1.73089
0.0874444 1.05144 1.73056
0.0897778 1.05011 1.726
0.0896667 1.05044 1.73078
0.0885556 1.05178 1.73856
0.0888889 1.05078 1.72367
0.0881111 1.052 1.73411
0.0894444 1.05233 1.70722
0.0923333 1.05178 1.72433
0.0886667 1.05033 1.872
0.0893333 1.04989 1.74011
0.0896667 1.05267 1.75244
0.0891111 1.05133 1.76644
0.0894444 1.05244 1.76878
0.0886667 1.05089 1.73489
0.0878889 1.05056 1.75956
0.0897778 1.05322 1.76922
0.0881111 1.05233 1.76744
0.089 1.05122 1.76889
0.0922222 1.052 1.73822
0.0918889 1.053 1.772
0.0884444 1.05122 1.75978
0.091 1.05156 1.76789
0.0903333 1.05167 1.75756
0.0888889 1.05211 1.74344
0.0901111 1.05256 1.71511
0.0892222 1.05222 1.73533
0.0904444 1.052 1.70833
0.0903333 1.05078 1.70189
0.0898889 1.05211 1.67856
0.0923333 1.051 1.67278
0.0931111 1.05144 1.64667
0.0897778 1.05044 1.64789
0.0888889 1.05167 1.64556
0.0894444 1.05289 1.63344
0.0903333 1.05089 1.59822
0.0902222 1.05022 1.59078
0.0885556 1.05144 1.586
0.0896667 1.05111 1.62867
0.0886667 1.05233 1.625
0.0918889 1.05167 1.63144
0.0873333 1.05233 1.63378
0.0926667 1.05133 1.65467
0.0894444 1.05222 1.67767
0.0864444 1.05056 1.69689
0.0905556 1.05178 1.69511
0.0908889 1.05367 1.70111
0.0913333 1.04967 1.68656
0.0871111 1.05278 1.72022
0.0908889 1.05111 1.74467
0.0892222 1.05156 1.76033
0.09 1.05222 1.73656
0.0896667 1.05256 1.76411
0.0898889 1.05044 1.73511
0.09 1.05122 1.73822
0.0911111 1.05211 1.751
0.0888889 1.05289 1.747
0.0905556 1.05167 1.76578
0.0892222 1.05033 1.77989
0.0888889 1.05111 1.75278
0.0878889 1.05111 1.75767
0.0901111 1.05167 1.75511
0.0901111 1.05133 1.75922
0.0875556 1.05211 1.75667
0.089 1.05256 1.72733
0.0902222 1.05222 1.72689
0.0906667 1.04911 1.74011
0.0877778 1.04911 1.727
0.0921111 1.05189 1.73622
0.0901111 1.05222 1.73178
0.0894444 1.05189 1.736
0.0908889 1.05233 1.73333
0.0866667 1.05122 1.72833
0.0893333 1.05222 1.73089
0.0882222 1.05122 1.73189
0.092 1.053 1.73544
0.0913333 1.05267 1.74111
0.0886667 1.05167 1.71922
0.0938889 1.05211 1.73644
0.0886667 1.04967 1.73389
0.0888889 1.05156 1.73944
0.0931111 1.05333 2.02067
0.0912222 1.04989 1.73611
0.0928889 1.053 1.72789
0.0876667 1.05133 1.72378
0.0894444 1.05044 1.72644
0.0896667 1.05044 1.73044
0.0891111 1.05256 1.728
0.0903333 1.05189 1.73867
0.0893333 1.05167 1.731
0.0888889 1.05244 1.73289
0.0888889 1.05422 1.72444
0.0906667 1.05256 1.736
0.091 1.05244 1.73189
0.0905556 1.05233 1.73322
0.0887778 1.05122 1.72711
0.0895556 1.05233 1.72811
0.0894444 1.05033 1.72344
0.0887778 1.05044 1.72044
0.0895556 1.05156 1.71022
0.0903333 1.05089 1.76944
0.089 1.04978 1.75522
0.089 1.05267 1.76811
0.0908889 1.05156 1.76311
0.0886667 1.04967 1.76278
0.0857778 1.05167 1.75356
0.0868889 1.05311 1.75567
0.091 1.05267 1.76056
0.0878889 1.04944 1.75822
0.0886667 1.05356 1.76033
0.0912222 1.05256 1.76533
0.0902222 1.05122 1.75711
0.0896667 1.05033 1.72533
0.0903333 1.05222 1.75
0.0904444 1.05222 1.74544
0.09 1.05233 1.68911
0.0902222 1.05056 1.72278
0.0883333 1.05256 1.70222
0.0878889 1.051 1.70089
0.089 1.05233 1.67567
0.09 1.05156 1.66633
0.0893333 1.05267 1.63878
0.0883333 1.04956 1.64078
0.0886667 1.05078 1.644
0.0911111 1.05144 1.629
0.0901111 1.04956 1.59944
0.0901111 1.05211 1.58911
0.0901111 1.05211 1.57822
0.0877778 1.05222 1.627
0.0891111 1.05156 1.62689
0.0877778 1.05078 1.63122
0.0898889 1.05033 1.62889
0.0913333 1.05011 1.65233
0.0901111 1.05178 1.71067
0.0897778 1.052 1.68267
0.0945556 1.05189 1.72222
0.0883333 1.05078 1.68744
0.0884444 1.05078 1.71744
0.0892222 1.05211 1.72411
0.0896667 1.05267 1.74722
0.0922222 1.052 1.73111
0.089 1.05033 1.75956
0.0875556 1.05333 1.72822
0.088 1.05211 1.78678
0.0912222 1.05133 1.77056
0.0887778 1.051 1.77067
0.0898889 1.05044 1.78011
0.0884444 1.05167 1.75267
0.0896667 1.05033 1.74522
0.0888889 1.05144 1.77456
0.0884444 1.05122 1.75233
0.0908889 1.04933 1.74844
0.0851111 1.04967 1.76267
0.0896667 1.05133 1.75044
0.0878889 1.05056 1.74567
0.0932222 1.04989 1.74011
0.0895556 1.05278 1.73922
0.0906667 1.05067 1.73411
0.0898889 1.05078 1.73122
0.0893333 1.05022 1.72744
0.0905556 1.05133 1.73411
0.0896667 1.05256 1.70656
0.0854444 1.05044 1.73
0.0862222 1.05289 1.73633
0.0907778 1.05211 1.73667
0.0888889 1.05011 1.73767
0.0912222 1.05267 1.73922
0.0921111 1.05067 1.73367
0.0906667 1.04944 1.73967
0.0883333 1.05111 1.739
0.0885556 1.05144 1.73778
0.0903333 1.05278 1.73667
0.0905556 1.05333 1.74167
0.0905556 1.05044 1.72622
0.0885556 1.05189 1.73056
0.0915556 1.05089 1.726
0.0913333 1.05089 1.73078
0.0875556 1.05 1.714
0.0916667 1.05222 1.73889
0.0885556 1.05 1.73433
0.0902222 1.05056 1.73778
0.0897778 1.051 1.73222
0.0887778 1.05178 1.73633
0.0901111 1.05122 1.728
0.0912222 1.05256 1.73156
0.0904444 1.05056 1.84389
0.0912222 1.05156 1.73344
0.0893333 1.05144 1.72244
0.0888889 1.05167 1.72578
0.0903333 1.052 1.718
0.0891111 1.05189 1.76978
0.0884444 1.05156 1.76133
0.0868889 1.05033 1.76922
0.0913333 1.04911 1.765
0.0911111 1.05144 1.76756
0.0883333 1.05267 1.75878
0.0927778 1.05111 1.76922
0.0887778 1.05089 1.76789
0.0916667 1.05156 1.77533
0.0871111 1.04967 1.75033
0.0895556 1.05167 1.76911
0.0885556 1.05078 1.75422
0.0925556 1.05222 1.77078
0.0901111 1.05089 1.75544
0.0876667 1.05211 1.74456
0.0903333 1.05256 1.71067
0.0884444 1.05189 1.69922
0.0902222 1.05011 1.69378
0.0914444 1.05144 1.71589
0.0893333 1.05344 1.69467
0.0903333 1.05267 1.677
0.0896667 1.05044 1.63633
0.0881111 1.05211 1.64989
0.09 1.05244 1.64256
0.0901111 1.05133 1.59578
0.0905556 1.05244 1.58822
0.0896667 1.05222 1.58789
0.0918889 1.05156 1.57789
0.0886667 1.05144 1.59656
0.0894444 1.05211 1.62678
0.0943333 1.05178 1.63111
0.0888889 1.05078 1.62356
0.0876667 1.05244 1.65944
0.0892222 1.051 1.68033
0.0864444 1.05289 1.72344
0.0903333 1.05256 1.68511
0.0895556 1.05033 1.71533
0.0883333 1.05278 1.71244
0.0893333 1.05122 1.72511
0.0896667 1.04989 1.72222
0.0892222 1.05289 1.73967
0.0881111 1.05022 1.73367
0.0908889 1.05011 1.76478
0.0876667 1.05044 1.72033
0.0937778 1.05089 1.76222
0.0891111 1.05189 1.76622
0.089 1.05122 1.73956
0.0914444 1.051 1.77189
0.088 1.05211 1.75033
0.0913333 1.05244 1.75289
0.089 1.04833 1.75822
0.0895556 1.05056 1.76922
0.0901111 1.052 1.76444
0.09 1.05122 1.77767
0.0875556 1.05122 1.73333
0.0872222 1.05067 1.73044
0.0903333 1.05167 1.74244
0.0916667 1.05289 1.72933
0.0923333 1.05011 1.74178
0.0891111 1.05022 1.70944
0.0895556 1.052 1.73278
0.0907778 1.04978 1.73356
0.09 1.04989 1.72744
0.0887778 1.05333 1.72644
0.0913333 1.05256 1.73344
0.0894444 1.05056 1.738
0.0886667 1.04956 1.73867
0.0901111 1.05278 1.73811
0.0902222 1.05178 1.715
0.091 1.05222 1.72222
0.088 1.051 1.723
0.0915556 1.05011 1.99789
0.0881111 1.05089 1.72756
0.0905556 1.05322 1.72633
0.0896667 1.05211 1.72222
0.0893333 1.05156 1.72467
0.091 1.05189 1.73278
0.0891111 1.05211 1.72444
0.0902222 1.051 1.73189
0.0906667 1.05044 1.72956
0.0894444 1.05189 1.73422
0.0894444 1.05 1.73211
0.0922222 1.05267 1.72233
0.0907778 1.05122 1.71822
0.0897778 1.05211 1.72889
0.0906667 1.05189 1.711
0.0915556 1.05322 1.72633
0.0932222 1.05 1.72622
0.0897778 1.05111 1.72911
0.0884444 1.05256 1.72422
0.0887778 1.05233 1.76411
0.0887778 1.05044 1.76167
0.0915556 1.05211 1.76211
0.0892222 1.05133 1.76211
0.0883333 1.05322 1.76778
0.088 1.04989 1.73122
0.0866667 1.05044 1.76989
0.0887778 1.05 1.71889
0.0901111 1.05067 1.77044
0.0882222 1.05156 1.71467
0.0904444 1.05056 1.73256
0.0914444 1.05256 1.76156
0.0918889 1.05144 1.76311
0.0905556 1.05289 1.76022
0.0908889 1.05044 1.74911
0.0897778 1.05289 1.72078
0.0898889 1.05133 1.72711
0.0895556 1.05056 1.70744
0.0895556 1.05089 1.67078
0.09 1.05111 1.70867
0.0891111 1.05122 1.64122
0.0873333 1.05089 1.64267
0.09 1.051 1.64844
0.0891111 1.05 1.64433
0.0913333 1.05011 1.62556
0.0902222 1.05278 1.58833
0.0917778 1.052 1.59233
0.0897778 1.05189 1.57778
0.0887778 1.05011 1.59256
0.0895556 1.05133 1.62689
0.0875556 1.05256 1.63211
0.0895556 1.05211 1.57456
0.0888889 1.04967 1.65056
0.0891111 1.05122 1.66856
0.0912222 1.05133 1.717
0.0894444 1.05289 1.71489
0.0908889 1.05267 1.72356
0.0907778 1.05311 1.67011
0.0938889 1.05222 1.72211
0.0894444 1.05033 1.74133
0.0884444 1.05156 1.76656
0.0878889 1.05111 1.763
0.0888889 1.04967 1.76489
0.0901111 1.05033 1.76133
0.0885556 1.05289 1.75656
0.088 1.05278 1.76889
0.0902222 1.05078 1.77311
0.0888889 1.05078 1.74833
0.0886667 1.052 1.77833
0.0916667 1.05033 1.77144
0.0896667 1.05111 1.77489
0.0926667 1.051 1.76722
0.09 1.05144 1.78367
0.0904444 1.05067 1.77622
0.0904444 1.05133 1.73556
0.0903333 1.05044 1.71344
0.0903333 1.05078 1.73189
0.0907778 1.05211 1.72844
0.0898889 1.05044 1.71878
0.0885556 1.05389 1.73322
0.0904444 1.05122 1.73167
0.0908889 1.05167 1.73078
0.0901111 1.05167 1.73344
0.0898889 1.04933 1.72867
0.0914444 1.05122 1.73378
0.0908889 1.05133 1.73422
0.0893333 1.05033 1.74067
0.0895556 1.05144 1.72067
0.0898889 1.05178 1.72622
0.0911111 1.05267 1.73222
0.0903333 1.05178 1.72722
0.0908889 1.05122 1.75356
0.0888889 1.05256 1.724
0.0887778 1.05089 1.72522
0.0916667 1.05 1.72511
0.0871111 1.05022 1.72411
0.0878889 1.04922 1.72856
0.0881111 1.05156 1.72589
0.0875556 1.05178 1.73378
0.0902222 1.04933 1.72989
0.0908889 1.05144 1.73044
0.0887778 1.05244 1.72644
0.0913333 1.04878 1.73233
0.0895556 1.05156 1.72444
0.0901111 1.05156 1.73378
0.091 1.05233 1.723
0.0884444 1.05167 1.73178
0.0907778 1.05144 1.72333
0.0906667 1.04856 1.72678
0.0895556 1.052 1.87533
0.0891111 1.05344 1.76778
0.0891111 1.05267 1.72333
0.0916667 1.05033 1.76978
0.0875556 1.05222 1.76611
0.0882222 1.05156 1.77422
0.0906667 1.05189 1.73356
0.0901111 1.05056 1.76978
0.0922222 1.05156 1.76478
0.093 1.05078 1.74022
0.0893333 1.05256 1.76778
0.0894444 1.05189 1.77078
0.0883333 1.04989 1.76333
0.0892222 1.05256 1.733
0.0873333 1.05056 1.75989
0.0872222 1.05378 1.74211
0.0886667 1.05211 1.716
0.0887778 1.05289 1.74389
0.087 1.04833 1.708
0.0907778 1.05233 1.70467
0.0881111 1.05 1.69044
0.0891111 1.051 1.68156
0.0908889 1.05111 1.64078
0.091 1.05267 1.64611
0.0906667 1.05122 1.64744
0.0925556 1.05167 1.63711
0.0888889 1.05222 1.60156
0.0912222 1.05111 1.58622
0.0868889 1.052 1.579
0.0901111 1.05056 1.62789
0.0902222 1.05122 1.62767
0.0901111 1.05067 1.633
0.087 1.05222 1.62922
0.0866667 1.05033 1.65311
0.0911111 1.051 1.709
0.0897778 1.05044 1.72844
0.0921111 1.05244 1.69733
0.0884444 1.05089 1.70289
0.0886667 1.053 1.70144
0.0906667 1.05122 1.72422
0.0885556 1.051 1.72467
0.0885556 1.05033 1.73756
0.0896667 1.05089 1.76011
0.0904444 1.05122 1.76089
0.0883333 1.05067 1.73844
0.0905556 1.05089 1.73367
0.0906667 1.05189 1.76444
0.0902222 1.05178 1.77256
0.0906667 1.05133 1.74944
0.0888889 1.05156 1.75033
0.0882222 1.05189 1.75189
0.0893333 1.05211 1.74711
0.0893333 1.05178 1.76833
0.0893333 1.05289 1.76
0.0913333 1.04989 1.75589
0.0892222 1.05111 1.74311
0.0928889 1.05033 1.73456
0.0918889 1.05156 1.72611
0.0861111 1.05233 1.72778
0.0935556 1.05156 1.73244
0.0896667 1.05222 1.73344
0.0908889 1.05344 1.73489
0.0892222 1.051 1.72922
0.0894444 1.051 1.73
0.0875556 1.05144 1.73044
0.091 1.05144 1.728
0.0888889 1.05222 1.73578
0.0883333 1.053 1.73844
0.0891111 1.04989 1.73011
0.0917778 1.05222 1.734
0.0884444 1.05022 1.72833
0.0906667 1.05333 1.73256
0.0867778 1.05222 1.99211
0.0876667 1.05133 1.73311
0.0883333 1.05267 1.72478
0.0902222 1.05244 1.72456
0.0918889 1.054 1.728
0.0875556 1.05211 1.72233
0.0903333 1.05133 1.72256
0.0903333 1.05167 1.73111
0.0907778 1.04967 1.73056
0.0892222 1.05111 1.73344
0.0913333 1.051 1.72489
0.0883333 1.05122 1.73256
0.0896667 1.05078 1.73567
0.0876667 1.05078 1.73411
0.0902222 1.049 1.72856
0.087 1.05011 1.72422
0.0918889 1.05189 1.71811
0.0906667 1.05056 1.72656
0.0884444 1.05133 1.73944
0.0891111 1.05211 1.732
0.0881111 1.05133 1.76433
0.0878889 1.05278 1.73511
0.0876667 1.04967 1.76544
0.0873333 1.05322 1.76478
0.0892222 1.05222 1.757
0.0876667 1.05033 1.75522
0.0878889 1.05133 1.76222
0.0922222 1.05211 1.77189
0.0914444 1.05267 1.74033
0.0901111 1.05144 1.76778
0.0904444 1.05411 1.73578
0.0887778 1.05133 1.76867
0.0872222 1.05278 1.73256
0.0891111 1.051 1.74267
0.0886667 1.05167 1.73211
0.0877778 1.051 1.72344
0.0902222 1.05267 1.69933
0.0886667 1.05178 1.71067
0.09 1.053 1.703
0.0922222 1.05189 1.64167
0.0912222 1.05156 1.64144
0.0896667 1.05144 1.64756
0.0891111 1.053 1.66
0.0865556 1.05144 1.62967
0.0873333 1.05122 1.59567
0.0897778 1.05044 1.594
0.0874444 1.05156 1.58267
0.0892222 1.05311 1.626
0.0883333 1.05011 1.62711
0.0911111 1.05289 1.63133
0.089 1.05144 1.62367
0.0902222 1.05267 1.65133
0.0894444 1.05133 1.68144
0.0898889 1.05267 1.69522
0.0885556 1.05056 1.71589
0.091 1.05267 1.72278
0.09 1.05044 1.71878
0.0891111 1.05222 1.73033
0.0867778 1.05133 1.74767
0.0901111 1.05067 1.73944
0.0895556 1.05233 1.72156
0.0912222 1.05233 1.73789
0.0886667 1.05122 1.73878
0.0913333 1.05056 1.76889
0.0895556 1.04922 1.76678
0.0908889 1.05267 1.741
0.0884444 1.05111 1.77367
0.094 1.05422 1.78033
0.0891111 1.05033 1.77367
0.0891111 1.05211 1.73678
0.091 1.05356 1.75422
0.0887778 1.05022 1.76422
0.0897778 1.052 1.75756
0.0858889 1.05033 1.73422
0.088 1.051 1.73711
0.0903333 1.05278 1.74089
0.0877778 1.05111 1.73211
0.0902222 1.05289 1.73089
0.0897778 1.05133 1.73133
0.0922222 1.05089 1.73378
0.0906667 1.05056 1.73622
0.089 1.05067 1.73144
0.0891111 1.051 1.72789
0.093 1.05078 1.73489
0.0894444 1.05156 1.741
0.0876667 1.05156 1.74189
0.0901111 1.05278 1.73278
0.0905556 1.05 1.73511
0.0895556 1.05289 1.73056
0.0903333 1.049 1.73933
0.0891111 1.05444 1.72778
0.0898889 1.05156 1.73911
0.0902222 1.05278 1.72244
0.0913333 1.05344 1.73289
0.0893333 1.05089 1.72556
0.0893333 1.05122 1.73744
0.0896667 1.05033 1.73156
0.089 1.05 1.738
0.0901111 1.05267 1.73522
0.0936667 1.05122 1.73278
0.0886667 1.05211 1.72644
0.0881111 1.04989 1.721
0.0874444 1.05167 1.71344
0.0884444 1.05267 1.73189
0.0893333 1.05178 1.82689
0.0906667 1.05278 1.72478
0.0916667 1.05078 1.70256
0.088 1.05144 1.71456
0.0907778 1.05289 1.86367
0.0915556 1.05178 1.73433
0.0915556 1.05156 1.74078
0.0891111 1.05178 1.75767
0.0903333 1.05278 1.768
0.0914444 1.04933 1.77111
0.0892222 1.05078 1.76233
0.09 1.051 1.76989
0.091 1.05033 1.76667
0.0873333 1.05244 1.75889
0.0894444 1.05133 1.73744
0.0912222 1.05233 1.76711
0.0892222 1.05067 1.72711
0.0926667 1.05222 1.75989
0.0904444 1.05144 1.758
0.0878889 1.05033 1.74056
0.0891111 1.052 1.72167
0.0912222 1.052 1.72333
0.0885556 1.051 1.70033
0.0886667 1.05144 1.71722
0.0884444 1.04978 1.70289
0.09 1.05178 1.58944
0.0894444 1.05044 1.64489
0.088 1.04978 1.65222
0.0932222 1.05022 1.64989
0.0898889 1.05 1.62889
0.0904444 1.05344 1.59256
0.0904444 1.05044 1.58956
0.0884444 1.05222 1.57711
0.0886667 1.05078 1.57233
0.0905556 1.05256 1.62522
0.0878889 1.05233 1.63722
0.0912222 1.05022 1.61833
0.0917778 1.05211 1.65433
0.0887778 1.05089 1.66411
0.0884444 1.04967 1.717
0.0905556 1.05044 1.723
0.0908889 1.05022 1.68911
0.0885556 1.05111 1.716
0.0881111 1.05256 1.72467
0.091 1.05111 1.74856
0.0895556 1.04867 1.76256
0.0881111 1.05011 1.76011
0.0885556 1.05033 1.73967
0.0905556 1.052 1.76322
0.0881111 1.05178 1.74922
0.0908889 1.05178 1.76722
0.0911111 1.05111 1.771
0.0876667 1.05144 1.722
0.089 1.05189 1.73844
0.0883333 1.05111 1.76678
0.0898889 1.05233 1.77089
0.0874444 1.05089 1.75456
0.0865556 1.05167 1.76511
0.0907778 1.04922 1.75056
0.09 1.05233 1.73556
0.0891111 1.05067 1.73822
0.0907778 1.05078 1.72567
0.0933333 1.05222 1.72433
0.0904444 1.04989 1.73333
0.088 1.05089 1.73022
0.0915556 1.05167 1.73444
0.0913333 1.05044 1.72922
0.0886667 1.051 1.73389
0.0881111 1.05089 1.72556
0.0892222 1.04922 1.73611
0.0901111 1.05033 1.73789
0.0904444 1.05067 1.73967
0.0903333 1.05333 1.73578
0.0872222 1.05233 1.721
0.0903333 1.05011 1.73178
0.0887778 1.05167 1.73167
0.0873333 1.051 2.004
0.0906667 1.05256 1.729
0.0896667 1.05244 1.72289
0.0902222 1.05222 1.71367
0.0893333 1.05267 1.71744
0.0882222 1.04989 1.72956
0.0891111 1.05144 1.72411
0.0873333 1.05022 1.72789
0.0902222 1.05211 1.711
0.089 1.05189 1.731
0.0896667 1.05311 1.72889
0.0872222 1.05044 1.73333
0.0921111 1.05 1.73178
0.088 1.05067 1.72211
0.0886667 1.04967 1.70878
0.0892222 1.05167 1.72867
0.0902222 1.04922 1.71822
0.0907778 1.04878 1.72289
0.0896667 1.05089 1.75256
0.0867778 1.05311 1.76633
0.0934444 1.05189 1.71578
0.0871111 1.05122 1.76656
0.0906667 1.05156 1.76611
0.0901111 1.05289 1.76678
0.0888889 1.05233 1.73167
0.0921111 1.05244 1.76333
0.092 1.05144 1.71789
0.0914444 1.05178 1.74422
0.0895556 1.05111 1.76656
0.0908889 1.05278 1.76622
0.0888889 1.05233 1.75856
0.0906667 1.05133 1.73044
0.0934444 1.051 1.75767
0.0885556 1.05267 1.74044
0.0897778 1.05344 1.71789
0.0897778 1.05289 1.717
0.0906667 1.05267 1.67222
0.0917778 1.052 1.70067
0.0923333 1.05022 1.66844
0.0896667 1.05033 1.66356
0.0905556 1.05244 1.62511
0.0902222 1.05044 1.64756
0.0897778 1.05189 1.63944
0.0913333 1.04967 1.57911
0.09 1.05044 1.592
0.0884444 1.05289 1.59033
0.0891111 1.05089 1.57267
0.0907778 1.05189 1.59189
0.0875556 1.05144 1.61933
0.0901111 1.05044 1.62822
0.092 1.05322 1.59556
0.0896667 1.05067 1.63144
0.092 1.05211 1.71344
0.089 1.05178 1.68267
0.0907778 1.05122 1.70467
0.089 1.05211 1.71444
0.0911111 1.05222 1.71489
0.0886667 1.05244 1.72256
0.0877778 1.05189 1.74367
0.0884444 1.05056 1.72989
0.0892222 1.05033 1.76144
0.0864444 1.04989 1.768
0.0902222 1.05256 1.73344
0.0887778 1.05311 1.72156
0.0878889 1.05144 1.76744
0.0885556 1.05133 1.74722
0.089 1.05133 1.77033
0.0903333 1.05133 1.744
0.0877778 1.05233 1.76456
0.0883333 1.05044 1.73733
0.0885556 1.05022 1.773
0.0898889 1.05022 1.78167
0.0875556 1.05089 1.777
0.0898889 1.05111 1.74111
0.0915556 1.04944 1.73644
0.0892222 1.052 1.73833
0.0905556 1.05122 1.729
0.089 1.05278 1.735
0.0914444 1.05244 1.73022
0.0905556 1.05367 1.73
0.0877778 1.05078 1.73467
0.0872222 1.05 1.73044
0.0904444 1.05044 1.73489
0.0907778 1.05 1.73222
0.0907778 1.05044 1.71611
0.0913333 1.05378 1.73956
0.0897778 1.05044 1.72844
0.09 1.05011 1.73589
0.0881111 1.05122 1.73456
0.0877778 1.05189 1.73544
0.0907778 1.053 1.75344
0.0907778 1.05056 1.72556
0.0904444 1.05233 1.72244
0.0891111 1.05256 1.72489
0.0895556 1.052 1.72189
0.0907778 1.05033 1.71611
0.0893333 1.05033 1.72533
0.0903333 1.05122 1.73489
0.0894444 1.05167 1.72467
0.0912222 1.05033 1.73311
0.0904444 1.05378 1.72467
0.0872222 1.05222 1.73144
0.0893333 1.05089 1.734
0.089 1.05156 1.73367
0.0903333 1.05033 1.77767
0.0883333 1.05256 1.72544
0.0908889 1.05311 1.70611
0.089 1.04978 1.72511
0.0895556 1.05067 1.83722
0.0914444 1.05122 1.76933
0.0912222 1.05022 1.76189
0.0886667 1.05211 1.73556
0.0856667 1.05178 1.76856
0.0956667 1.05211 1.73867
0.0892222 1.05311 1.72456
0.0874444 1.05 1.77
0.0881111 1.05033 1.76567
0.0874444 1.05156 1.77444
0.0885556 1.05133 1.733
0.0888889 1.05167 1.77178
0.0875556 1.05078 1.73367
0.0904444 1.05011 1.76667
0.0876667 1.05022 1.76189
0.0877778 1.05144 1.73878
0.0908889 1.05267 1.73689
0.088 1.05333 1.72878
0.0887778 1.05344 1.70156
0.091 1.05033 1.716
0.0891111 1.05322 1.71033
0.0944444 1.05278 1.64578
0.091 1.05056 1.646
0.0892222 1.053 1.652
0.0882222 1.05078 1.64278
0.0873333 1.05211 1.63656
0.0941111 1.05056 1.59478
0.089 1.051 1.59678
0.0906667 1.05144 1.57844
0.0888889 1.05189 1.62833
0.0882222 1.051 1.62589
0.0877778 1.04944 1.63322
0.0882222 1.05133 1.62878
0.0884444 1.05289 1.65622
0.0918889 1.05189 1.68744
0.0887778 1.05267 1.699
0.0905556 1.05211 1.69256
0.0905556 1.05144 1.69944
0.0913333 1.05133 1.70911
0.0913333 1.05011 1.72833
0.0885556 1.04967 1.74789
0.0884444 1.05122 1.76489
0.0907778 1.05222 1.737
0.0906667 1.05233 1.76333
0.0907778 1.05122 1.74033
0.0923333 1.05111 1.76844
0.0901111 1.05144 1.76433
0.0884444 1.05178 1.74578
0.091 1.05111 1.76644
0.0885556 1.05067 1.75578
0.0908889 1.052 1.75644
0.09 1.05211 1.75267
0.088 1.05267 1.75411
0.0931111 1.052 1.76033
0.0894444 1.05189 1.77267
0.0887778 1.05278 1.74133
0.0891111 1.05256 1.73444
0.0893333 1.052 1.73756
0.0904444 1.05178 1.73089
0.0878889 1.05067 1.72789
0.0905556 1.05189 1.72967
0.0878889 1.05156 1.73033
0.089 1.05189 1.73056
0.0877778 1.05022 1.73333
0.0893333 1.051 1.72911
0.0888889 1.05222 1.731
0.0923333 1.05167 1.73478
0.089 1.05222 1.73267
0.0892222 1.05156 1.73167
0.0881111 1.05189 1.73222
0.0877778 1.05178 1.73433
0.0886667 1.05322 1.73678
0.0897778 1.05044 1.91489
0.0907778 1.04878 1.73767
0.0916667 1.05133 1.72667
0.0891111 1.04933 1.72389
0.089 1.05144 1.72556
0.0905556 1.05233 1.72567
0.09 1.052 1.72744
0.0853333 1.05289 1.73111
0.0901111 1.04978 1.73144
0.0881111 1.05167 1.73711
0.0893333 1.05111 1.72744
0.091 1.053 1.72533
0.088 1.05211 1.73622
0.0882222 1.05222 1.73011
0.0881111 1.04989 1.722
0.0916667 1.05356 1.73178
0.0885556 1.05078 1.72111
0.0933333 1.04911 1.72756
0.0894444 1.05089 1.714
0.0911111 1.05278 1.76356
0.0901111 1.05522 1.75589
0.0891111 1.05133 1.76622
0.0895556 1.05289 1.72967
0.0895556 1.04856 1.73822
0.0895556 1.05267 1.76378
0.0897778 1.05189 1.76289
0.0901111 1.04956 1.75822
0.0904444 1.05044 1.74656
0.0891111 1.05267 1.75489
0.0878889 1.05144 1.76011
0.0886667 1.05078 1.731
0.0877778 1.05033 1.75844
0.0904444 1.05222 1.75789
0.0903333 1.05222 1.74256
0.0904444 1.05156 1.72922
0.0887778 1.05211 1.71667
0.0923333 1.05211 1.70233
0.0907778 1.04911 1.71478
0.091 1.051 1.70456
0.0901111 1.05078 1.64822
0.0871111 1.05067 1.63944
0.0886667 1.05044 1.64789
0.0897778 1.051 1.64822
0.0907778 1.04878 1.62722
0.0877778 1.05244 1.59489
0.09 1.05122 1.58689
0.0932222 1.05289 1.58189
0.0887778 1.05211 1.61344
0.0914444 1.05011 1.622
0.0865556 1.05111 1.63056
0.09 1.05378 1.61844
0.0898889 1.05211 1.65844
0.0908889 1.05156 1.67489
0.0907778 1.05211 1.72311
0.088 1.05111 1.71844
0.0893333 1.053 1.69011
0.0905556 1.04989 1.69133
0.0891111 1.05167 1.72689
0.0887778 1.05233 1.74444
0.0894444 1.05044 1.75578
0.0907778 1.05156 1.75711
0.0917778 1.05111 1.76844
0.0898889 1.05111 1.74689
0.0903333 1.05367 1.73478
0.09 1.05289 1.76756
0.0868889 1.05411 1.77444
0.0884444 1.05167 1.72933
0.0916667 1.05011 1.73578
0.0895556 1.05222 1.75256
0.088 1.052 1.77456
0.0905556 1.05211 1.74367
0.089 1.05322 1.76956
0.0888889 1.05122 1.77333
0.089 1.05089 1.74044
0.0915556 1.05089 1.73722
0.0874444 1.05044 1.742
0.0888889 1.05156 1.73211
0.0877778 1.05156 1.73667
0.0896667 1.04933 1.73433
0.0892222 1.04878 1.73756
0.0891111 1.05078 1.73344
0.0878889 1.05078 1.72922
0.0911111 1.05333 1.73111
0.0895556 1.052 1.736
0.0884444 1.05267 1.73556
0.0931111 1.05311 1.72578
0.0874444 1.05178 1.72356
0.0888889 1.052 1.735
0.088 1.05111 1.73511
0.0894444 1.05022 1.73378
0.0893333 1.05244 1.73411
0.089 1.05511 1.73778
0.091 1.04911 1.72433
0.0944444 1.05111 1.72933
0.092 1.05156 1.71544
0.0956667 1.05344 1.72822
0.09 1.051 1.72956
0.0893333 1.05044 1.73911
0.0886667 1.05 1.73533
0.0892222 1.05078 1.85389
0.0876667 1.05222 1.73433
0.0914444 1.05 1.73622
0.0892222 1.052 1.73289
0.0918889 1.05122 1.733
0.0881111 1.05256 1.77911
0.0886667 1.051 1.71811
0.0882222 1.05167 1.72178
0.0892222 1.05244 1.72844
0.088 1.051 1.75622
0.0917778 1.052 1.77056
0.0907778 1.04844 1.75656
0.0902222 1.053 1.76967
0.091 1.04889 1.866
0.0883333 1.05378 1.76756
0.0924444 1.05178 1.76289
0.0904444 1.05144 1.77267
0.0901111 1.05078 1.73356
0.0887778 1.05111 1.77233
0.0877778 1.05111 1.76467
0.0888889 1.05111 1.77344
0.0907778 1.05233 1.76322
0.0901111 1.05167 1.76578
0.0915556 1.05222 1.763
0.0917778 1.05411 1.73878
0.089 1.05233 1.71778
0.0913333 1.05156 1.72156
0.0876667 1.05256 1.71378
0.0905556 1.05167 1.70811
0.0885556 1.05244 1.67922
0.0893333 1.05133 1.66622
0.0925556 1.051 1.63756
0.0896667 1.05178 1.64967
0.0906667 1.05222 1.63956
0.091 1.05144 1.58656
0.0886667 1.05156 1.59478
0.0911111 1.05178 1.59333
0.0887778 1.051 1.57733
0.0887778 1.04944 1.56156
0.0873333 1.05033 1.62978
0.09 1.05311 1.63556
0.0875556 1.05044 1.628
0.0886667 1.05289 1.64289
0.0888889 1.05078 1.71567
0.0901111 1.05011 1.72233
0.0886667 1.05033 1.72056
