5.158106
3.791559
2.7740022
2.7717822
2.7771144
2.7297711
2.7935511
2.8558867
2.8199989
2.8507844
2.8557833
2.8469989
2.8674456
2.8810056
2.9043322
2.8757789
2.9038833
2.9172222
2.9034456
2.90589
2.872
2.8885611
2.9205589
2.9096733
2.9147789
2.8874467
2.9215578
2.9126611
2.8673367
2.8763278
2.8844422
2.8743333
2.8695589
2.8647844
2.8694467
2.8723322
2.8728889
2.8707844
2.8706656
2.86989
2.8625522
2.8708933
2.8771089
2.8605556
2.8745467
2.8933356
2.8651111
2.8673333
2.8587744
2.86266
2.8691144
2.86233
2.8773311
2.8694411
2.8720022
2.8694444
2.8658878
2.8708867
2.8788956
2.8633389
2.8742211
2.8489944
2.8684433
3.0109967
2.8793333
2.8947767
2.9068811
2.9106644
2.8744467
2.8980089
2.9122178
2.9078811
2.90911
2.8824422
2.9168889
2.8994444
2.91045
2.8995633
2.8844389
2.8577811
2.8767722
2.8507744
2.8430033
2.8205589
2.8161133
2.7912211
2.7881078
2.7861189
2.7757744
2.7394433
2.7312222
2.7259956
2.7694467
2.7659967
2.7749989
2.7734433
2.7986667
2.8193344
2.8338944
2.8374456
2.8456689
2.8275633
2.8601111
2.8866689
2.9011122
2.87878
2.9063367
2.8754389
2.87944
2.8942211
2.8887789
2.9080056
2.9194422
2.8927789
2.8966689
2.8968911
2.9006611
2.8963356
2.86889
2.8693322
2.8798867
2.8638878
2.8802211
2.8741111
2.8773344
2.8765489
2.8662167
2.8724433
2.8713322
2.88044
2.8851133
2.8595567
2.8824389
2.8722267
2.8798889
3.1671111
2.8772222
2.8737789
2.8627767
2.8663244
2.8705467
2.8696711
2.8808933
2.8720033
2.8742189
2.8675489
2.8792267
2.87533
2.8761056
2.8671078
2.8699956
2.8632144
2.8596578
2.8513356
2.9106633
2.894
2.90978
2.9055589
2.9011167
2.8910078
2.8956689
2.90423
2.8955489
2.9025567
2.9091122
2.8985522
2.8653267
2.8925533
2.8881044
2.83144
2.8635622
2.8431133
2.8397789
2.817
2.80789
2.7807833
2.7786733
2.7834467
2.7715511
2.7391111
2.7313311
2.7204411
2.7669978
2.7675611
2.7697778
2.7691089
2.7937733
2.8525611
2.8244478
2.8686656
2.8265533
2.8566644
2.8654422
2.8895567
2.8753322
2.89889
2.8691056
2.92689
2.9131122
2.9104478
2.9204389
2.8927844
2.8852167
2.9148889
2.8919944
2.8886589
2.8974511
2.8914367
2.8841189
2.8832222
2.8815556
2.8754467
2.8718889
2.8669933
2.8759956
2.8487867
2.8658844
2.8754422
2.8795578
2.8766689
2.8831122
2.8764511
2.8797767
2.8784433
2.8777756
2.8797833
2.8855556
2.8672156
2.8710056
2.8684456
2.8730033
2.8515556
2.8827767
2.8728856
2.8785622
2.8729978
2.8768878
2.8693311
2.8753422
2.9848944
2.8762222
2.8632133
2.8663389
2.8603333
2.9107811
2.9013344
2.9064389
2.9054433
2.9101111
2.8997833
2.9131078
2.9075578
2.9185567
2.8871111
2.9103356
2.8935556
2.9155556
2.8964411
2.8843367
2.8535633
2.8395544
2.8341122
2.8587744
2.8374433
2.8200033
2.7764367
2.7901111
2.785
2.7372211
2.7312156
2.7297767
2.7213389
2.7366667
2.7683344
2.7772233
2.7632289
2.7995467
2.8205522
2.8627744
2.8280033
2.8552156
2.8535533
2.8656633
2.8617767
2.8817822
2.8720011
2.9057789
2.8584367
2.9068878
2.9072211
2.87978
2.9143344
2.89044
2.8966633
2.89555
2.9093356
2.9065511
2.91889
2.8721056
2.8683322
2.8844433
2.8738867
2.8842233
2.8487711
2.8743356
2.8741178
2.86733
2.8685478
2.8773333
2.8780044
2.8768967
2.8810011
2.8570022
2.86544
2.862
3.1395556
2.8665611
2.8701056
2.8639967
2.8655633
2.87567
2.8656611
2.8731122
2.8706667
2.8755544
2.8715544
2.8672222
2.8602178
2.8707778
2.8535567
2.8711056
2.8694422
2.8699978
2.8652244
2.9052178
2.9008878
2.9057756
2.9026622
2.9093333
2.86911
2.9069967
2.8576678
2.9112211
2.8544522
2.8735644
2.9055644
2.9064389
2.9036656
2.8904389
2.8634478
2.8683289
2.8475556
2.8112256
2.84978
2.7815511
2.7808933
2.78944
2.7834411
2.7670033
2.7313322
2.7361078
2.7194478
2.7314478
2.7677756
2.7722256
2.7162256
2.7891189
2.8088911
2.8595522
2.8572244
2.8671189
2.8139978
2.8682189
2.8811044
2.9065644
2.9019989
2.9034489
2.9017711
2.8980056
2.90967
2.9141122
2.8879989
2.9189967
2.9134367
2.9156667
2.9108867
2.92511
2.9173344
2.8773344
2.8542133
2.8730033
2.8713278
2.8591089
2.8756656
2.8733344
2.8733389
2.8752211
2.8678889
2.8764444
2.8764389
2.8803333
2.8616656
2.8678889
2.8760011
2.8693333
2.8956689
2.8654489
2.8648878
2.8667767
2.8614411
2.8656689
2.8655611
2.8731156
2.8694422
2.8727689
2.8676578
2.8724433
2.8655556
2.8754511
2.86633
2.8718944
2.8655478
2.8660067
3.0168856
2.9103311
2.8651111
2.9117767
2.9058856
2.9140022
2.8761167
2.9104511
2.9085622
2.884
2.9096733
2.9121144
2.9015533
2.8747822
2.8977833
2.8831122
2.8567767
2.8855578
2.84333
2.8477778
2.8285511
2.8216711
2.7827789
2.78978
2.7893267
2.7813356
2.7426689
2.7285522
2.7178889
2.7685611
2.7691122
2.7737811
2.76844
2.7901067
2.8511111
2.8686578
2.8418811
2.8422244
2.8431067
2.8661067
2.8642256
2.8764456
2.9006667
2.9025544
2.8774433
2.8751156
2.9069967
2.9145622
2.8914367
2.8907789
2.8920022
2.8885533
2.9094433
2.9022233
2.8971133
2.8834422
2.8777789
2.8695589
2.8662211
2.8775556
2.8753267
2.8792189
2.8694422
2.8704444
2.8694356
2.87044
2.8768889
2.8797733
2.8691111
2.8779978
2.8669944
2.8765567
3.1311078
2.8721067
2.8657833
2.8672222
2.8738889
2.8619956
2.8642233
2.8731133
2.8710078
2.8737722
2.8672233
2.8721133
2.8761167
2.8725567
2.8677822
2.86133
2.8618889
2.8677867
2.8792144
2.8732211
2.9037711
2.8757789
2.9027767
2.9053333
2.8984422
2.8932167
2.9014389
2.9162222
2.8844444
2.9093311
2.8803344
2.9087778
2.8725622
2.8827811
2.8724467
2.8622178
2.8422222
2.8511167
2.846
2.7857822
2.7842222
2.7886667
2.8021111
2.7676656
2.7342233
2.7342178
2.7216744
2.7683322
2.7655533
2.7753311
2.76411
2.7942222
2.8222144
2.8377789
2.8550056
2.86645
2.85922
2.8716611
2.8857778
2.8802211
2.8634456
2.8814422
2.8786667
2.9107833
2.9055556
2.8845589
2.9132244
2.92855
2.9131111
2.8780011
2.89878
2.9032178
2.8993378
2.8704389
2.87611
2.8840033
2.8709978
2.8740022
2.8724378
2.8768922
2.8774467
2.87111
2.8680011
2.87867
2.8820044
2.8811167
2.8756711
2.8756656
2.8730056
2.8786633
2.8713311
2.8805589
2.8654422
2.8776633
2.8657833
2.8779933
2.8715567
2.877
2.8780011
2.8776667
2.8672167
2.8590011
2.8525544
2.8730044
2.9680033
2.8682267
2.8450067
2.854
3.0073378
2.8776656
2.8838956
2.8985611
2.9111133
2.9118844
2.9023322
2.91089
2.908
2.8986633
2.8782144
2.9106622
2.8670022
2.9047767
2.8998844
2.8787789
2.8627811
2.8665522
2.8398856
2.8573267
2.8411144
2.73122
2.7847744
2.79
2.7933322
2.7687789
2.7364444
2.7304444
2.7177744
2.7117767
2.7683356
2.7774389
2.7597722
2.7982178
2.8037778
2.8551144
2.8639956
2.8302189
2.8556656
2.8653411
2.89067
2.9007856
2.8983311
2.8785556
2.9057756
2.8891111
2.9098889
2.9132211
2.8611067
2.87933
2.9062233
2.9131089
2.8928944
2.9033356
2.8905578
2.87789
2.8780011
2.8672278
2.8698833
2.8736644
2.86911
2.8776656
2.8709933
2.8735567
2.8645611
2.8745522
2.8783311
2.8807844
2.8794433
2.8605522
2.8722233
2.8721178
3.1423333
2.8722267
2.8649967
2.8561122
2.8594433
2.8676722
2.8646611
2.8654433
2.8533322
2.87189
2.8716667
2.8709922
2.8738911
2.86078
2.8471167
2.8695622
2.8576622
2.8624478
2.8931167
2.9062178
2.8611144
2.9048911
2.9083367
2.9097811
2.8728889
2.9078811
2.86133
2.8874444
2.9072256
2.9098889
2.8997789
2.8724367
2.9021144
2.8816656
2.8611078
2.8596678
2.8155567
2.8444478
2.8109933
2.8035567
2.7681056
2.7882222
2.7811078
2.7201133
2.73244
2.7316644
2.7126711
2.7345578
2.7583256
2.7687711
2.74078
2.7717767
2.85755
2.82345
2.8466678
2.85555
2.8582211
2.8636667
2.8833378
2.8688944
2.9009922
2.9043344
2.8762222
2.8634478
2.9067689
2.8871056
2.91066
2.8856633
2.9046678
2.8761033
2.9117756
2.9217789
2.9154456
2.8821089
2.8774356
2.8795522
2.8707756
2.87678
2.8741044
2.8742256
2.8732278
2.8676622
2.8757744
2.8729978
2.8573278
2.8846733
2.8686578
2.876
2.8738911
2.8751078
2.8972178
2.8668978
2.8652144
2.8665611
2.8634456
2.8572178
2.8649933
2.8764433
2.8657844
2.8746622
2.8688944
2.8708822
2.8742233
2.87423
2.9183333
2.8663333
2.8501089
2.86389
2.9774456
2.9119944
2.9033322
2.8763367
2.9060067
2.8864467
2.8668922
2.9074444
2.9041111
2.9134444
2.8728856
2.9123389
2.8720056
2.9072244
2.8997767
2.8779978
2.8804489
2.87011
2.8437778
2.85733
2.8526611
2.7930044
2.78756
2.7942222
2.7817822
2.7760033
2.7394511
2.73678
2.7205467
2.7691089
2.7651122
2.7704378
2.7683322
2.7975544
2.8312189
2.8404478
2.8352256
2.8414356
2.8517733
2.8697733
2.8861156
2.9045544
2.8799978
2.9063267
2.8823278
2.9118833
2.9058811
2.8860044
2.90855
2.8950056
2.8993289
2.89478
2.89478
2.9054411
2.9140044
2.8828878
2.8761111
2.8788933
2.8731144
2.8664489
2.8721156
2.8697789
2.87145
2.8713278
2.8694433
2.8721089
2.8787833
2.87389
2.8724522
2.8722211
2.8738878
2.8786667
3.0551078
2.8772278
2.8696667
2.8623311
2.866
2.8685556
2.86944
2.8693333
2.8713311
2.8768911
2.8678833
2.86933
2.87633
2.8705522
2.8600011
2.8770067
2.8604456
2.8700033
2.8543344
2.9074511
2.9012211
2.9066611
2.8721156
2.8763356
2.9060056
2.9045578
2.8978911
2.8874444
2.8966711
2.8994389
2.8704467
2.8965478
2.9005544
2.8851133
2.8712244
2.8575578
2.8467733
2.8546678
2.84656
2.7891111
2.7772211
2.7869967
2.7889978
2.7667778
2.7351078
2.72811
2.7280022
2.7543278
2.7635544
2.7682256
2.76222
2.8004389
2.8173389
2.8659978
2.85755
2.8324433
2.8317756
2.8676711
2.8855478
2.8956644
2.8994478
2.9113278
2.8878889
2.8787833
2.91045
2.9154389
2.8694444
2.8775567
2.8943356
2.91456
2.8863356
2.91178
2.9134389
2.88033
2.8796656
2.8798844
2.8725589
2.8760078
2.8733267
2.8755622
2.8733311
2.8678889
2.8755511
2.8775556
2.8766744
2.8720011
2.8627844
2.8758889
2.87422
2.8734444
2.8758833
2.88189
2.86444
2.8748844
2.859
2.8773267
2.87056
2.8788833
2.8739967
2.9938922
2.8742167
2.8776644
2.8741122
2.8761089
2.9197811
2.8577767
2.8616722
2.8701022
2.89522
2.9143378
2.8957778
2.9128922
3.00589
2.9096733
2.9071144
2.9145544
2.8744511
2.9122178
2.9035578
2.9134389
2.9063278
2.9075611
2.9067756
2.8846678
2.85911
2.8644533
2.8540067
2.8503356
2.8202156
2.8068833
2.7811156
2.7911167
2.7824467
2.729
2.7350067
2.7362211
2.7171078
2.6997778
2.7674433
2.77867
2.7659956
2.7844467
2.8553389
2.8625511
2.8595567