30.63589
30.62897
30.67531
30.75891
30.74249
30.72426
31.56262
31.50717
31.3889
31.61436
31.56402
31.61321
31.69021
31.85509
31.86217
31.81891
31.88967
31.88168
31.99303
32.01181
31.9246
31.93329
31.93797
31.95077
31.95662
31.90643
31.9308
31.9358
31.93407
31.93028
31.92444
31.83876
31.80863
31.84191
31.79562
31.82386
31.84131
31.88301
31.88539
31.87808
31.88627
31.85622
31.7784
31.86042
31.78528
32.03154
31.75448
31.75273
31.77277
31.8233
31.90799
31.88816
31.84566
31.89384
31.82716
31.78496
31.67401
31.80876
31.84694
31.85149
31.93866
31.79974
31.94553
31.92389
31.96493
31.86803
31.92469
31.91391
31.91657
31.92557
32.06221
32.03241
31.8275
31.84431
31.89348
31.87733
31.9772
31.81834
31.67691
31.64544
31.60097
31.6146
31.6161
31.47226
31.66782
30.78036
30.78676
30.75476
30.67716
30.65289
30.65657
30.72236
30.67509
30.87346
30.83851
30.78847
31.54804
31.5084
31.50922
31.61178
31.62263
31.62551
31.82123
31.892
31.95209
31.76457
31.91976
31.7976
31.86807
31.96802
32.03406
31.97488
31.99109
31.98819
31.98879
31.90526
31.96552
32.02318
32.00259
31.88883
31.97088
31.821
31.841
31.83796
31.8105
31.86099
31.81458
31.79497
31.96317
31.91498
31.85181
31.82714
31.76058
31.86782
31.76488
35.53657
31.72621
31.81392
31.75191
31.8907
31.93488
31.95784
31.91229
31.8762
31.79558
31.87307
31.84742
31.80013
31.78007
31.82413
32.01439
31.91148
31.98388
31.9273
31.90534
31.92847
31.88944
31.90994
31.94149
31.94624
31.98891
31.93154
31.86751
31.88193
31.86651
31.85229
31.85647
31.78531
31.78479
31.64021
31.61879
31.64027
31.53903
31.42622
31.55676
30.75741
30.74466
30.90676
30.67637
30.58647
30.65013
30.63829
30.68822
30.7305
30.79206
30.7798
31.45328
31.61306
31.49928
31.61098
31.5175
31.62802
31.787
31.79639
31.81508
31.93779
31.85771
31.82424
31.92597
31.98493
32.0198
31.9565
31.89832
31.9174
32.00292
31.92237
31.91556
31.91423
31.94041
31.91638
31.96464
31.82188
31.83572
31.8173
31.81893
31.7091
31.83244
31.86933
31.859
31.89131
31.87808
31.78911
31.79549
31.81576
31.78582
31.8171
31.73252
31.84739
31.76304
31.75372
31.81554
31.86404
31.90003
31.85974
31.81334
31.82983
31.80189
31.8044
31.79359
31.81517
31.9481
31.94407
31.93996
31.87349
32.01528
31.88693
31.94361
31.966
31.91033
31.93259
31.95843
32.01007
31.89082
31.91156
31.89252
31.82686
31.86391
31.73883
31.68693
31.69598
31.62371
31.6797
31.52794
31.50216
31.44402
30.7645
30.90368
30.80301
30.65953
30.65203
30.68827
30.61911
30.67436
30.83526
30.82569
30.78371
31.50924
31.60312
31.57154
31.61192
31.62601
31.64074
31.8295
31.78993
31.92401
31.7593
31.89481
31.75974
31.94166
31.99259
32.01778
31.94643
31.86518
31.96664
32.04337
31.92363
31.95432
32.03639
31.86712
31.88599
32.03152
31.8632
31.84462
31.85391
31.81571
31.84712
31.83244
31.8167
31.87253
31.96371
31.97254
31.91056
31.67186
31.84882
31.76661
35.63009
31.75277
31.7591
31.83018
31.80129
31.99199
32.0095
31.87366
31.88852
31.82014
31.91483
31.7299
31.75993
31.84034
31.70068
31.96736
31.91747
31.94957
32.02083
31.92506
31.89136
31.87973
31.93087
31.84308
31.96067
31.93427
31.79103
31.88973
31.68607
31.78139
31.91381
31.89118
31.8006
31.84487
31.61903
31.61373
31.59881
31.41826
31.48756
31.27084
30.7585
30.85237
30.831
30.58756
30.6555
30.65246
30.62571
30.62371
30.76638
30.76451
30.71223
31.58998
31.36756
31.56288
31.61783
31.65402
31.52179
31.67559
31.81529
32.02444
31.85276
31.9116
31.92293
31.94773
31.98767
32.02836
31.87787
31.94331
31.93918
31.9362
31.89776
31.92994
31.95448
31.9418
31.88422
31.95583
31.83789
31.81737
31.90659
32.02508
31.78318
31.81458
31.87602
31.88894
31.89971
31.91391
31.86058
31.771
31.7755
31.74518
32.00311
31.74569
31.76354
31.7843
31.8751
31.87411
31.90858
31.88052
31.85131
31.83102
31.77634
31.93441
31.80659
31.83972
31.80297
31.91668
31.89862
32.00038
31.91398
31.90203
31.81893
31.91839
31.92831
31.93028
31.87163
31.98128
31.99692
31.90959
31.86811
31.90398
31.8788
31.8333
31.78128
31.68121
31.59493
31.64111
31.58707
31.58619
31.46483
31.57587
30.79323
30.76464
30.75041
30.64841
30.6475
30.63021
30.64601
30.65191
30.86117
30.86518
30.7667
31.49682
31.52536
31.61462
31.60034
31.73278
31.69206
31.8859
31.81866
31.88501
31.88871
31.90466
31.95841
31.83509
31.87954
31.97913
31.91118
31.93012
31.9544
31.90223
31.93624
31.9049
31.94054
32.0374
31.89286
31.97388
31.8501
31.85683
31.91957
31.85896
31.92043
31.80152
31.87069
31.88007
31.92697
31.93494
31.77308
31.76031
31.82758
31.74444
35.08001
31.79161
31.7201
31.73496
31.85859
31.83487
31.97272
31.8826
31.94329
31.81556
31.84147
31.8773
31.85568
31.79407
31.79803
32.02489
31.90601
31.93607
31.94308
31.92902
31.92601
32.03443
31.95216
31.97936
31.96278
32.0122
31.98931
31.87422
31.8629
31.83774
31.8276
31.87984
31.75074
31.68887
31.6997
31.63988
31.59496
31.53851
31.50864
31.29437
30.85054
30.82151
30.73911
30.61679
30.6394
30.64088
30.63461
30.67266
30.75573
30.74944
30.88534
31.56662
31.56508
31.53573
31.67584
31.56146
31.67316
31.73959
31.8211
31.89468
31.8033
31.862
31.78434
31.87001
32.0592
31.92683
31.94326
32.01586
31.96569
31.87264
31.9797
31.91728
31.93659
31.93143
31.90358
31.93829
31.86459
31.85402
31.83376
31.92029
31.93621
31.84734
31.79896
31.92924
31.87864
31.91428
31.78648
31.76704
31.82656
31.77912
31.79347
31.76329
31.84211
31.76389
31.80571
31.93693
31.87997
31.9105
31.81674
31.76216
31.76309
31.84362
31.7912
31.83773
31.69479
31.92869
31.80939
31.89868
31.8998
31.88774
31.86596
31.9052
31.94477
31.93746
31.92742
32.03723
32.04263
31.85999
31.88542
31.88086
31.79477
31.8951
31.74909
31.72598
31.61263
31.62742
31.60823
31.57327
31.52113
31.30352
30.87112
30.76459
30.73706
30.66344
30.63599
30.6506
30.64693
30.6625
30.75757
30.84376
30.70847
31.41492
31.41484
31.54292
31.63279
31.57058
31.63728
31.70531
31.8047
31.9122
31.85892
31.90502
31.86932
31.80616
32.06444
32.11228
31.66132
31.74256
31.93962
31.97914
31.94391
31.95194
32.04192
32.07273
31.95607
31.86782
31.82724
31.83053
31.86114
31.81961
31.82024
31.81839
31.87277
31.87994
31.99649
31.85528
31.84541
31.7373
31.7898
31.74986
35.74068
31.75422
31.86492
31.71958
31.73617
31.96333
31.89993
31.812
31.75893
31.85669
31.90226
31.85252
31.84833
31.71429
31.64946
31.93894
31.90234
31.9012
31.98712
31.92582
31.66208
31.91533
31.95152
31.91397
31.88464
31.92619
31.66714
31.86824
31.97136
31.89544
31.853
31.82624
31.77718
31.66422
31.64732
31.63162
31.5016
31.55326
31.42148
31.58167
30.72361
30.77989
30.73578
30.66022
30.65456
30.66327
30.61817
30.62803
30.73617
30.77918
30.75584
31.36904
31.56038
31.48779
31.59936
31.66026
31.66068
31.69069
31.80649
31.87857
31.93167
31.8821
31.8626
31.75861
31.9557
31.99812
31.92989
31.89342
31.9272
31.88181
31.91583
31.94494
31.91872
31.95477
31.91656
31.93423
31.81072
31.80242
31.91792
31.79311
31.84604
31.82811
31.8816
31.86303
31.84109
31.90596
31.8011
31.80102
31.78828
31.72586
31.86616
31.78262
31.77837
31.79898
31.86473
31.75544
31.77131
31.89726
31.81377
31.82857
31.79802
31.82318
31.81742
31.8218
31.81072
31.84664
31.75823
31.94719
31.9445
31.94063
31.91014
31.86599
31.92464
31.94454
31.89259
31.95897
32.00866
31.92177
31.74403
31.9595
31.85472
31.93028
31.79376
31.67931
31.72789
31.6249
31.59589
31.52839
31.5928
31.40131
30.79319
30.89897
30.74638
30.65221
30.68144
30.61481
30.67601
30.68724
30.75313
30.75
30.85367
31.49231
31.45486
31.52942
31.61586
31.62794
31.68694
31.88433
31.8351
32.10058
31.80344
31.818
31.84379
31.90271
32.01142
32.01446
31.93366
31.94694
32.04467
31.90341
31.91162
31.9457
32.03949
31.96311
31.89593
31.97173
31.82274
31.80574
31.82753
31.80038
31.79872
31.77641
31.86556
31.8753
31.89704
31.92539
31.73754
31.76974
31.8555
31.84106
34.8823
31.74688
31.8402
31.76149
31.85088
31.88228
32.00278
31.88151
31.9692
31.81367
31.78014
31.79029
31.78106
31.86177
31.78203
31.96902
31.93461
31.99809
31.86641
31.90517
31.91508
31.90101
32.01753
31.93137
31.91998
31.99968
31.97214
31.91106
31.9942
31.90888
31.93273
31.92046
31.88389
31.65734
31.62599
31.62766
31.61949
31.51959
31.57924
31.36997
30.76782
30.76921
30.69582
30.64178
30.66393
30.63522
30.59162
30.60543
30.73614
30.79958
30.78054
31.42706
31.4983
31.54246
31.61869
31.53121
31.65242
31.79369
31.74912
31.8629
31.87787
31.94751
31.97706
31.87919
31.98587
32.08417
31.77784
31.83054
31.92738
31.96896
31.91693
31.95706
31.95573
31.93692
31.92879
31.9314
31.83296
31.82063
31.79863
31.84517
31.83638
31.84002
31.87622
31.90213
31.88538
31.81286
31.74482
31.78197
31.82767
31.75564
31.83879
31.74674
31.91661
31.75106
31.73946
31.89112
31.84142
31.89862
31.84799
31.85448
31.77794
31.79606
31.81311
31.8319
31.77491
31.67592
31.95186
31.86431
31.93023
31.92783
31.92604
31.95847
31.87006
32.02617
31.95408
32.02356
31.74199
31.92569
31.86643
31.8515
31.86193
31.8494
31.79343
31.65621
31.64211
31.6126
31.60471
31.58364
31.43951
31.47081
30.97133
30.81962
30.7198
30.65358
30.66473
30.66596
30.64218
30.58429
30.79213
30.76633
30.87812
31.33938
31.59407
31.6501
31.58654