1.36989 12.3203 16.9457
1.36567 12.3206 16.9427
1.39411 12.3211 16.9601
1.36211 12.3192 17.0776
1.33989 12.3184 17.0842
1.34156 12.3193 17.0634
1.35922 12.3208 17.8826
1.35767 12.3181 17.8314
1.335 12.3208 17.7331
1.37456 12.3178 17.922
1.33722 12.3199 17.9069
1.36011 12.3193 17.9338
1.38111 12.3173 17.9918
1.39389 12.3201 18.1411
1.37067 12.3196 18.1719
1.37111 12.3212 18.1266
1.35967 12.3184 18.2116
1.35878 12.3216 18.2013
1.43133 12.3216 18.2401
1.36011 12.3193 18.3324
1.357 12.3187 18.2489
1.39089 12.3193 18.2231
1.35067 12.318 18.2693
1.37367 12.3188 18.2583
1.37922 12.3192 18.2582
1.36333 12.3194 18.2237
1.348 12.3198 18.263
1.366 12.3181 18.2517
1.37967 12.3202 18.2342
1.35978 12.3213 18.2492
1.34544 12.3207 18.2583
1.37156 12.319 18.1482
1.32933 12.3206 18.1587
1.37011 12.3211 18.1507
1.35022 12.3207 18.1247
1.38056 12.3211 18.1222
1.36811 12.321 18.1522
1.38411 12.3208 18.1781
1.34389 12.3212 18.2203
1.35478 12.3199 18.2034
1.39467 12.3194 18.1722
1.35422 12.3198 18.1822
1.361 12.319 18.0984
1.34922 12.3199 18.1913
1.37878 12.3193 18.0872
1.39744 12.3199 18.3142
1.36778 12.3216 18.0651
1.35633 12.319 18.0774
1.36967 12.3197 18.0834
1.407 12.3202 18.0961
1.36489 12.32 18.2231
1.36556 12.3186 18.204
1.34856 12.3197 18.1774
1.36944 12.3202 18.2042
1.35256 12.3197 18.1549
1.34556 12.3192 18.1202
1.26811 12.3233 18.0826
1.37356 12.3188 18.1164
1.38244 12.3199 18.1446
1.40289 12.3193 18.1293
1.37856 12.3204 18.2397
1.37744 12.3192 18.1031
1.37533 12.3171 18.2531
1.36289 12.3177 18.2433
1.38633 12.3188 18.2598
1.30433 12.3197 18.244
1.35689 12.3216 18.2462
1.35011 12.3202 18.2436
1.36567 12.32 18.2309
1.35567 12.3197 18.2502
1.39811 12.3199 18.3442
1.39711 12.3211 18.3142
1.362 12.3197 18.1458
1.34611 12.3198 18.1784
1.37378 12.3196 18.2001
1.37833 12.3211 18.1779
1.426 12.3188 18.2324
1.40144 12.319 18.0979
1.34611 12.319 18.0118
1.36544 12.3202 17.9598
1.35667 12.3193 17.925
1.371 12.32 17.9236
1.443 12.3184 17.8547
1.40356 12.3187 17.75
1.45122 12.3194 17.8972
1.35556 12.3184 17.1064
1.36656 12.3208 17.0994
1.37056 12.319 17.0652
1.35956 12.3212 16.9964
1.35689 12.3199 16.9761
1.40467 12.3209 16.931
1.42056 12.3214 16.9804
1.36989 12.3209 16.9843
1.37856 12.3196 17.1753
1.35611 12.3233 17.1591
1.36967 12.3168 17.102
1.34744 12.3188 17.8818
1.374 12.319 17.8154
1.34822 12.3216 17.8394
1.35278 12.3191 17.9399
1.34533 12.3204 17.9569
1.35111 12.3197 17.9547
1.36133 12.3197 18.1402
1.426 12.3223 18.1437
1.35489 12.3212 18.276
1.34267 12.3192 18.1027
1.36956 12.3192 18.231
1.364 12.3203 18.1133
1.37467 12.3194 18.174
1.35322 12.3206 18.2942
1.38156 12.3191 18.3334
1.39278 12.3203 18.2618
1.37789 12.3181 18.2951
1.38989 12.3239 18.2744
1.38989 12.3211 18.2778
1.34856 12.3191 18.2376
1.37822 12.3207 18.2666
1.37178 12.3204 18.331
1.50389 12.3176 18.1811
1.38033 12.3182 18.1903
1.37078 12.3191 18.281
1.372 12.317 18.132
1.372 12.3183 18.1507
1.37456 12.3221 18.1413
1.373 12.3189 18.1186
1.42489 12.3207 18.1154
1.36978 12.3187 18.1261
1.35267 12.3193 18.123
1.37667 12.3193 18.2672
1.37078 12.3219 18.2223
1.36711 12.3177 18.167
1.35844 12.3188 18.1499
1.36978 12.3172 18.0736
1.36522 12.319 18.1836
1.35878 12.3211 18.085
1.35967 12.3192 21.8577
1.35011 12.3184 18.0577
1.34822 12.3196 18.1461
1.35111 12.3194 18.0814
1.39 12.3206 18.1801
1.40478 12.318 18.2121
1.35944 12.3194 18.279
1.40389 12.3197 18.1887
1.377 12.3192 18.18
1.35078 12.3176 18.1272
1.32967 12.3198 18.2236
1.38222 12.3192 18.146
1.36233 12.3209 18.1169
1.33867 12.3203 18.1211
1.36533 12.3184 18.1404
1.44989 12.3191 18.2454
1.36078 12.3188 18.2319
1.35678 12.3182 18.3089
1.395 12.3211 18.2112
1.36444 12.3186 18.2223
1.38067 12.3187 18.2291
1.35644 12.3188 18.2142
1.34044 12.3173 18.2522
1.36989 12.3208 18.2508
1.37344 12.3182 18.2546
1.34811 12.3192 18.3216
1.34744 12.3214 18.2627
1.36011 12.3191 18.1883
1.37733 12.3196 18.185
1.37311 12.3184 18.175
1.36889 12.3196 18.1638
1.36467 12.3186 18.1732
1.36411 12.3193 18.1019
1.37289 12.3183 18.0936
1.37811 12.32 17.9421
1.36189 12.3198 17.9371
1.40267 12.3199 17.9177
1.38633 12.3183 17.8344
1.36722 12.3201 17.7389
1.34956 12.3178 17.8894
1.37811 12.3192 17.0601
1.33756 12.3193 17.0878
1.40156 12.3201 17.1851
1.39767 12.3189 16.9598
1.33367 12.3181 16.9347
1.39133 12.3189 16.9399
1.37389 12.3176 16.9468
1.40322 12.3193 16.9657
1.341 12.3212 17.0683
1.37856 12.3202 17.0933
1.36 12.3186 17.1012
1.36878 12.3202 17.7643
1.36656 12.3202 17.9263
1.36678 12.3183 17.8142
1.35978 12.3176 17.9336
1.346 12.3182 17.8533
1.34522 12.3229 17.9599
1.448 12.3197 18.0193
1.36289 12.3184 18.1151
1.37978 12.3187 18.1166
1.40589 12.3206 18.2113
1.37111 12.3186 18.168
1.27744 12.3191 18.2277
1.36967 12.3197 18.2366
1.36333 12.319 18.3026
1.384 12.3201 18.3157
1.374 12.3229 18.2596
1.33822 12.3198 18.2403
1.34 12.3193 18.2581
1.39722 12.321 18.2847
1.37067 12.3218 18.2299
1.35556 12.3206 18.2394
1.36333 12.3187 18.2322
1.35811 12.3204 18.2619
1.35178 12.3209 18.2437
1.36944 12.32 18.2752
1.35178 12.319 18.1511
1.35322 12.3198 18.1627
1.346 12.3197 18.1516
1.34233 12.3194 18.1572
1.365 12.3201 18.024
1.37644 12.3208 18.1352
1.34933 12.3204 18.1996
1.349 12.318 18.192
1.36211 12.3199 18.2093
1.37378 12.3184 18.1859
1.36911 12.3212 18.0988
1.35189 12.3192 18.1244
1.36856 12.3194 18.1278
1.35822 12.3177 18.1099
1.374 12.3187 18.1244
1.34622 12.3186 18.0677
1.41689 12.3194 18.1111
1.35244 12.3186 18.092
1.33422 12.3204 18.0991
1.36244 12.322 18.1311
1.38344 12.3187 18.1619
1.36633 12.3226 18.2111
1.34644 12.3177 18.1956
1.35344 12.3201 18.1398
1.37733 12.3198 18.1327
1.37589 12.3179 18.1081
1.359 12.3181 18.1273
1.35189 12.3189 18.1228
1.35167 12.3186 18.1449
1.367 12.3197 18.2614
1.37367 12.3207 18.2497
1.38956 12.3177 18.2327
1.33889 12.3183 18.2163
1.44978 12.3203 18.2452
1.34733 12.3186 18.221
1.35311 12.3209 18.2696
1.392 12.3196 18.2544
1.35833 12.319 18.233
1.37289 12.3181 18.2416
1.34733 12.3207 18.2904
1.39667 12.3191 18.2943
1.34422 12.32 18.2266
1.43756 12.3186 18.1554
1.36422 12.318 18.2103
1.35256 12.3193 18.155
1.37411 12.321 18.1688
1.34833 12.3199 18.0706
1.36633 12.3197 18.0009
1.39378 12.3194 17.9828
1.37511 12.3197 17.9289
1.378 12.3217 17.98
1.36144 12.3193 17.8472
1.35656 12.3192 17.8264
1.36822 12.3192 17.7566
1.36 12.3197 17.0848
1.39978 12.3211 17.1828
1.39811 12.318 17.0869
1.34333 12.3201 16.9961
1.35833 12.3197 16.974
1.40467 12.3212 16.9624
1.33911 12.3189 16.9611
1.37556 12.3201 16.9787
1.37956 12.3196 17.1361
1.39489 12.3202 17.1106
1.37111 12.3194 17.0932
1.34544 12.3199 17.8439
1.37822 12.3199 17.905
1.37044 12.3231 17.878
1.39022 12.3194 17.9023
1.37511 12.3188 17.9321
1.36744 12.3183 17.955
1.378 12.3184 18.1331
1.39133 12.3219 18.0767
1.34911 12.3188 18.2561
1.357 12.3216 18.0807
1.36111 12.3198 18.2139
1.36444 12.3186 18.0767
1.38756 12.319 18.2351
1.37589 12.319 18.2977
1.40678 12.3201 18.2909
1.35533 12.3193 18.2718
1.35678 12.3201 18.1883
1.37044 12.319 18.2772
1.36567 12.3186 18.3591
1.34933 12.3189 18.2554
1.38022 12.3177 18.2564
1.36089 12.3218 18.3537
1.35622 12.3189 18.192
1.37289 12.3219 18.1912
1.37622 12.3186 18.3367
1.403 12.3181 18.1421
1.37022 12.32 18.1544
1.37111 12.32 18.1628
1.37911 12.3189 18.1177
1.38022 12.3196 18.1473
1.36144 12.3187 18.1523
1.325 12.3206 18.1711
1.35533 12.3183 18.1989
1.35411 12.3192 18.2904
1.35644 12.319 18.2971
1.38556 12.3183 18.2067
1.35356 12.3199 17.9984
1.35322 12.3193 18.1763
1.36811 12.3197 18.0788
1.37589 12.319 21.9352
1.37967 12.32 18.0531
1.372 12.3202 18.0669
1.42878 12.3197 18.0817
1.40589 12.3197 18.0757
1.41489 12.3193 18.2578
1.38 12.3191 18.3104
1.35856 12.3199 18.1952
1.38822 12.3193 18.181
1.34444 12.3208 18.1549
1.36833 12.3227 18.2238
1.362 12.3201 18.0478
1.34033 12.3198 18.0998
1.36844 12.3186 18.1533
1.38078 12.3193 18.0006
1.35256 12.3197 18.2951
1.34467 12.319 18.2538
1.34567 12.322 18.2819
1.35433 12.3181 18.3484
1.35956 12.3208 18.2447
1.34956 12.3189 18.2229
1.35933 12.3174 18.203
1.35667 12.3199 18.2543
1.36878 12.3203 18.154
1.41867 12.32 18.222
1.35967 12.3206 18.254
1.36133 12.32 18.1097
1.37433 12.3191 18.1963
1.41567 12.3186 17.9518
1.35389 12.3192 18.1083
1.41111 12.3198 18.1829
1.33878 12.3197 18.2327
1.371 12.3203 18.1093
1.34867 12.3171 18.1791
1.34433 12.3204 17.9543
1.35133 12.3197 17.9427
1.34611 12.3197 17.933
1.37956 12.3201 17.7186
1.35056 12.3206 17.8164
1.37044 12.3196 17.5808
1.365 12.3223 17.0712
1.36267 12.3197 17.17
1.385 12.3192 17.1268
1.32056 12.3192 16.9478
1.403 12.3187 16.9338
1.38056 12.3178 16.9541
1.35511 12.318 16.9526
1.34011 12.3199 16.9637
1.39478 12.3187 17.0529
1.36611 12.3203 17.0781
1.35633 12.3207 17.0352
1.38978 12.3194 17.8808
1.35956 12.3194 17.6886
1.40078 12.3188 17.8433
1.34733 12.3193 17.9512
1.36522 12.3211 17.9677
1.34889 12.3201 17.8528
1.34989 12.319 18.0067
1.35089 12.32 18.1444
1.42644 12.3186 18.2794
1.34456 12.3204 18.1878
1.377 12.3196 18.215
1.37433 12.3207 18.2279
1.38733 12.3197 18.2407
1.34467 12.3207 18.3223
1.36656 12.3194 18.3424
1.34967 12.3192 18.209
1.34411 12.3211 18.2781
1.35078 12.318 18.2704
1.348 12.3183 18.2699
1.37556 12.3218 18.2004
1.35744 12.3199 18.2526
1.38078 12.3209 18.2528
1.372 12.3224 18.2474
1.36822 12.3179 18.1981
1.37533 12.3196 18.2609
1.37289 12.3202 18.1448
1.37167 12.3204 18.1253
1.35589 12.318 18.2327
1.48178 12.318 18.2253
1.35078 12.3196 18.1128
1.35678 12.3194 18.1384
1.34922 12.3192 18.2076
1.36844 12.3182 18.2023
1.36611 12.321 18.2126
1.37811 12.3197 18.2161
1.37578 12.3194 18.1654
1.361 12.3198 18.0902
1.367 12.3241 18.0844
1.34378 12.3194 18.082
1.36711 12.3184 18.3176
1.35389 12.3192 18.0726
1.35344 12.3209 18.0892
1.368 12.3196 18.0967
1.362 12.3207 18.1924
1.36311 12.3176 18.1934
1.38278 12.3188 18.207
1.35922 12.3207 18.2006
1.39911 12.3201 18.1321
1.36722 12.3182 18.1456
1.32744 12.3202 18.1287
1.36511 12.3194 18.2499
1.35489 12.3187 18.133
1.39622 12.3202 18.1233
1.35767 12.3211 18.1242
1.37478 12.3212 18.2207
1.35422 12.3198 18.2246
1.43778 12.3182 18.2444
1.33978 12.3193 18.2549
1.34033 12.3188 18.2429
1.37033 12.3192 18.1294
1.35489 12.3203 18.2432
1.35511 12.3239 18.2493
1.35578 12.3194 18.2551
1.33633 12.3216 18.2137
1.37778 12.3197 18.2838
1.36222 12.321 18.3137
1.36089 12.3184 18.2303
1.37211 12.3197 18.1763
1.37478 12.3192 18.21
1.393 12.3202 18.1656
1.375 12.3204 18.1379
1.35978 12.3201 18.1014
1.34311 12.3198 18.0183
1.38333 12.3204 17.8912
1.38111 12.3201 17.9399
1.36567 12.3191 17.9023
1.37389 12.3196 17.8927
1.37633 12.3204 17.7681
1.35467 12.3201 17.9011
1.38433 12.3202 17.0887
1.36744 12.3178 17.0794
1.37211 12.3193 17.059
1.36211 12.3191 16.9672
1.36 12.3192 16.9683
1.35511 12.3192 16.9559
1.35811 12.3221 16.9658
1.35811 12.319 16.9748
1.35967 12.3194 17.1821
1.36878 12.3196 17.1768
1.363 12.3186 17.0851
1.36122 12.3189 17.8167
1.34756 12.3212 17.8566
1.41322 12.3194 17.882
1.35444 12.3188 17.9271
1.44178 12.3203 17.9707
1.37156 12.3243 17.9962
1.356 12.3183 18.2116
1.35656 12.3204 18.1417
1.34511 12.3197 18.2202
1.37811 12.3194 18.1912
1.34156 12.3182 18.2449
1.36311 12.3192 18.2761
1.40089 12.3214 18.1128
1.35244 12.3192 18.2079
1.34533 12.321 18.3128
1.35978 12.3214 18.23
1.37522 12.3196 18.2353
1.362 12.3186 18.2738
1.35333 12.3179 18.231
1.37844 12.3186 18.2392
1.339 12.3198 18.2461
1.34944 12.321 18.2701
1.377 12.3212 18.3392
1.38356 12.3196 18.1897
1.37278 12.3193 18.2818
1.371 12.3203 18.1588
1.38333 12.3187 18.1548
1.37967 12.3211 18.2188
1.39256 12.3204 18.146
1.38733 12.3184 18.2147
1.34122 12.3193 18.141
1.38089 12.3181 18.1717
1.39767 12.3206 18.1618
1.35067 12.3199 18.2564
1.35644 12.3232 18.2553
1.34278 12.3201 18.1102
1.35811 12.3206 18.0816
1.33978 12.3206 18.1672
1.36344 12.3181 18.0629
1.44111 12.318 21.3209
1.41611 12.3189 18.0566
1.36 12.3208 18.0393
1.34656 12.3207 18.0677
1.35589 12.3191 18.1836
1.37967 12.3194 18.1358
1.38522 12.3194 18.2681
1.368 12.3192 18.1954
1.45489 12.3214 18.167
1.34856 12.3199 18.1471
1.36867 12.3197 18.1531
1.412 12.3189 18.1464
1.39878 12.3213 18.1356
1.34267 12.3184 18.133
1.37033 12.319 18.1087
1.38989 12.3184 18.3166
1.36211 12.319 18.2249
1.37167 12.3188 18.2456
1.39578 12.3201 18.2272
1.37822 12.3196 18.2312
1.37211 12.3188 18.2351
1.39033 12.3222 18.3219
1.40956 12.3177 18.2249
1.40056 12.3182 18.2606
1.37578 12.3202 18.2668
1.357 12.3206 18.3346
1.36211 12.32 18.3072
1.35122 12.3189 18.2041
1.356 12.319 18.1879
1.32544 12.3186 18.1937
1.35 12.3184 18.1592
1.38744 12.3188 18.1736
1.33844 12.3223 18.09
1.37267 12.3199 17.9963
1.418 12.3196 17.9621
1.37678 12.3194 17.9437
1.35556 12.3212 17.9182
1.35311 12.3216 17.8638
1.35744 12.3179 17.8333
1.36067 12.3194 17.6143
1.35244 12.3199 17.1782
1.38211 12.3197 17.1197
1.36311 12.3193 17.0567
1.33789 12.3181 16.9608
1.37 12.3202 16.9492
1.37778 12.3197 16.9434
1.36711 12.3186 16.9489
1.37456 12.3217 16.9764
1.36733 12.319 17.0694
1.35044 12.319 17.08
1.34544 12.3196 17.2203
1.34622 12.3206 17.8998
1.40278 12.319 17.8433
1.35433 12.3201 17.8613
1.36144 12.3181 17.9963
1.34156 12.3203 17.8996
1.35556 12.3187 17.9989
1.36989 12.3197 18.05
1.352 12.3204 18.1487
1.38078 12.3207 18.1932
1.37 12.3181 18.1152
1.339 12.32 18.203
1.38644 12.3191 18.0788
1.35711 12.3203 18.1926
1.39 12.3191 18.3501
1.36533 12.3202 18.2413
1.35956 12.319 18.2647
1.38056 12.3209 18.3144
1.35289 12.3199 18.2929
1.35344 12.3186 18.2006
1.375 12.318 18.2867
1.36878 12.3228 18.2257
1.35789 12.3218 18.2569
1.36133 12.3201 18.25
1.35078 12.3189 18.2339
1.34889 12.3222 18.2672
1.39689 12.3189 18.1488
1.39622 12.3187 18.1391
1.36056 12.3192 18.154
1.36789 12.3178 18.2346
1.47011 12.3217 18.1444
1.37544 12.3193 18.1526
1.29956 12.3204 18.179
1.43144 12.3197 18.1781
1.34144 12.3196 18.2176
1.34078 12.3208 18.2527
1.35778 12.3208 18.1079
1.35444 12.3194 18.0932
1.36356 12.3188 18.1442
1.37022 12.3213 18.0876
1.40867 12.3186 18.0662
1.39289 12.3202 18.0502
1.34811 12.3188 18.1752
1.35889 12.3197 18.0853
1.38011 12.3184 18.1072
1.37933 12.3179 18.2397
1.36267 12.3193 18.198
1.373 12.3194 18.2181
1.33644 12.3201 18.1602
1.34856 12.3197 18.0939
1.36289 12.319 18.0812
1.38122 12.3201 18.1423
1.414 12.3191 18.0581
1.37333 12.3202 18.1442
1.35989 12.32 18.0149
1.35389 12.3249 18.2499
1.35089 12.3196 18.1389
1.42578 12.3197 18.1532
1.361 12.3209 18.2179
1.34644 12.3204 18.2209
1.38256 12.3192 18.1642
1.369 12.3192 18.217
1.36567 12.3211 18.258
1.35556 12.3201 18.2618
1.37322 12.3192 18.235
1.42733 12.3196 18.2903
1.41033 12.3209 18.3114
1.36189 12.3192 18.1789
1.37622 12.3191 18.1901
1.37456 12.3196 18.1867
1.35967 12.3202 18.1149
1.388 12.3198 18.1873
1.32189 12.3203 18.1069
1.37878 12.3181 18.0291
1.34233 12.3209 17.9494
1.35722 12.3184 17.9518
1.37133 12.3199 17.917
1.38867 12.3174 17.8672
1.35033 12.3182 17.8526
1.37222 12.3192 17.6121
1.36122 12.3189 17.191
1.35189 12.3197 17.093
1.35956 12.3184 17.0591
1.37544 12.3206 16.9674
1.34989 12.3194 16.9667
1.373 12.3202 16.9574
1.37033 12.3192 16.9574
1.386 12.3211 16.9554
1.35767 12.3201 17.0798
1.41056 12.3186 17.1146
1.34367 12.3186 17.0462
1.36322 12.3197 17.732
1.39144 12.3191 17.7043
1.36422 12.3198 17.8589
1.35389 12.3196 17.9593
1.39178 12.3206 17.8582
1.36478 12.3207 17.9518
1.34811 12.3196 18.0376
1.367 12.3186 18.1191
1.427 12.318 18.1672
1.33322 12.3193 18.2064
1.35122 12.3208 18.233
1.33722 12.3192 18.2129
1.36056 12.3193 18.1263
1.34744 12.3203 18.3967
1.34878 12.3188 18.4447
1.36622 12.3192 17.9759
1.33956 12.3193 18.0837
1.35822 12.3182 18.2632
1.38944 12.3181 18.2716
1.38611 12.3199 18.2379
1.36444 12.3181 18.2694
1.37322 12.3196 18.3491
1.41433 12.3183 18.3401
1.37867 12.3194 18.258
1.37622 12.319 18.1726
1.36244 12.3177 18.1471
1.36733 12.3189 18.1443
1.37344 12.324 18.1637
1.35211 12.3181 18.1494
1.34444 12.3204 18.1554
1.36089 12.3193 18.1382
1.36167 12.321 18.1901
1.35844 12.3202 18.2013
1.36389 12.3184 18.3142
1.36278 12.3206 18.1719
1.40011 12.3211 18.1242
1.353 12.3199 18.0644
1.364 12.3174 18.1084
1.35856 12.3189 18.0724
1.39078 12.3191 22.0308
1.36922 12.3177 18.0673
1.38122 12.3184 18.1653
1.36478 12.3176 18.0372
1.36667 12.3173 18.0522
1.36833 12.3191 18.2759
1.40033 12.3192 18.1804
1.356 12.3194 18.1366
1.36133 12.3196 18.078
1.40989 12.3198 18.127
1.37256 12.3196 18.2101
1.37022 12.3189 18.1634
1.37533 12.3232 18.1498
1.35089 12.3188 18.0446
1.34356 12.3192 17.9867
1.37844 12.3204 18.2401
1.35844 12.3187 18.2252
1.352 12.32 18.2292
1.37122 12.3188 18.2971
1.34822 12.318 18.2596
1.33978 12.3209 18.0014
1.35633 12.32 18.239
1.38422 12.3207 18.2466
1.37067 12.3192 18.2241
1.35744 12.319 18.2082
1.37889 12.3187 18.2286
1.37044 12.3207 17.976
1.35244 12.3252 18.1906
1.37256 12.3208 18.278
1.36144 12.3191 18.2149
1.366 12.3223 18.1647
1.37544 12.3187 18.1321
1.35778 12.3184 18.101
1.35522 12.3186 17.9904
1.36422 12.3191 17.964
1.34822 12.3182 17.9652
1.372 12.32 17.8096
1.38656 12.3191 17.8476
1.35678 12.3199 17.7448
1.38867 12.3192 17.8738
1.35911 12.3184 17.0461
1.36589 12.3202 17.0938
1.34878 12.3244 17.0626
1.41222 12.3186 16.9294
1.36756 12.3194 16.9676
1.39167 12.3207 16.9509
1.36367 12.3197 16.9348
1.35833 12.3204 16.9493
1.35367 12.3203 17.0622
1.36978 12.3194 17.09
1.35244 12.3197 17.0837
1.36644 12.3193 17.6833
1.33378 12.3193 17.9073
1.35889 12.3192 17.8097
1.37256 12.3212 17.9056
1.38756 12.3201 17.9526
1.36478 12.3197 17.9762
1.36689 12.3191 18.0047
1.35689 12.3182 18.1314
1.35367 12.3208 18.2041
1.40367 12.319 18.209
1.356 12.3197 18.2064
1.371 12.3203 18.1713
1.36911 12.3197 18.0698
1.36 12.3184 18.2773
1.35722 12.3183 18.3226
1.37389 12.3193 18.2367
1.36122 12.3188 18.2134
1.354 12.3198 18.2534
1.34511 12.319 18.2177
1.35333 12.3188 18.2437
1.37044 12.3188 18.2557
1.36822 12.3198 18.2307
1.36567 12.3207 18.2684
1.35056 12.3199 18.2461
1.36933 12.319 18.2459
1.36322 12.3201 18.1274
1.35622 12.3199 18.1263
1.34522 12.3187 18.254
1.34511 12.3209 18.1271
1.39844 12.3197 18.1279
1.37211 12.3197 18.1363
1.392 12.3186 18.171
1.36733 12.3201 18.1756
1.35689 12.3186 18.1656
1.36756 12.3182 18.2202
1.383 12.318 18.1001
1.39822 12.3178 18.085
1.34278 12.3198 18.1257
1.34356 12.3193 18.063
1.38356 12.3196 18.163
1.39322 12.3176 18.0718
1.38467 12.3189 18.0748
1.38378 12.3201 18.0951
1.36333 12.3187 18.1827
1.38044 12.3194 18.0556
1.36111 12.3198 18.0904
1.39756 12.3186 18.1811
1.35467 12.3194 18.1397
1.36967 12.3178 18.1411
1.35622 12.3189 18.1229
1.38678 12.3182 18.1182
1.36422 12.3184 18.1348
1.381 12.3179 18.1229
1.37022 12.3193 18.1212
1.37644 12.3193 18.1509
1.36233 12.3182 18.0777
1.36689 12.3209 18.2594
1.383 12.3174 18.2441
1.37333 12.3181 18.2492
1.36444 12.319 18.2267
1.34689 12.3194 18.1997
1.34444 12.3201 18.2601
1.37444 12.3199 18.2502
1.34089 12.3196 18.2321
1.35367 12.3206 18.2847
1.37656 12.3172 18.3149
1.37667 12.3194 18.2257
1.29933 12.3174 18.1273
1.458 12.3213 18.1802
1.36222 12.3191 18.1734
1.37578 12.3188 18.2357
1.38556 12.3202 18.088
1.38711 12.3173 17.9749
1.45589 12.3191 17.9529
1.364 12.3192 17.9417
1.36089 12.3186 17.9164
1.36589 12.3186 17.8439
1.43 12.3188 17.844
1.36311 12.3182 17.72
1.38489 12.3184 17.0899
1.38567 12.3197 17.1936
1.38778 12.319 17.0396
1.36311 12.3192 16.9699
1.37744 12.3193 16.9847
1.36811 12.3184 16.9283
1.37311 12.3199 16.983
1.38044 12.3199 16.9869
1.38133 12.32 17.0518
1.345 12.3174 17.0876
1.44067 12.3181 17.0949
1.35511 12.3182 17.819
1.35756 12.323 17.7743
1.33222 12.3196 17.8776
1.36256 12.319 17.9343
1.33644 12.3188 17.9727
1.36844 12.3206 17.9979
1.36333 12.3201 18.2009
1.363 12.3204 18.1517
1.43978 12.319 18.3418
1.37944 12.3188 18.1052
1.355 12.319 18.144
1.36289 12.3177 18.1632
1.38511 12.3202 18.1974
1.35422 12.3194 18.3378
1.34656 12.3186 18.3493
1.35656 12.3203 18.2568
1.35944 12.3189 18.2686
1.45467 12.3198 18.2702
1.35111 12.32 18.2323
1.36822 12.32 18.2234
1.37 12.3217 18.254
1.37389 12.3168 18.3488
1.36511 12.3187 18.2793
1.37733 12.3189 18.1997
1.35033 12.3192 18.3022
1.36344 12.3197 18.1396
1.34444 12.3199 18.1414
1.38833 12.3212 18.118
1.35578 12.3182 18.1264
1.37222 12.3176 18.1089
1.35511 12.32 18.1013
1.36256 12.32 18.183
1.372 12.3191 18.1842
1.38244 12.3183 18.1963
1.35189 12.3188 18.2547
1.34944 12.3197 18.0684
1.36244 12.3196 18.0877
1.371 12.3198 18.1647
1.39456 12.3208 18.1257
1.343 12.3189 21.2204
1.34078 12.3207 18.0854
1.362 12.3192 18.159
1.35889 12.3192 18.0834
1.35078 12.3191 18.181
1.36178 12.3184 18.2021
1.41478 12.3198 18.2682
1.35511 12.319 18.2074
1.382 12.3188 18.2684
1.37267 12.319 18.122
1.33944 12.3219 18.1188
1.34189 12.3174 18.131
1.35556 12.3194 18.1061
1.41367 12.3217 18.1264
1.36433 12.3193 18.0984
1.32822 12.32 18.3208
1.36911 12.3192 18.2463
1.36689 12.319 18.3122
1.34211 12.3167 18.2076
1.36167 12.3198 18.2237
1.35078 12.3191 18.2452
1.34911 12.3189 18.233
1.47133 12.3202 18.226
1.36367 12.3176 18.2501
1.35478 12.3203 18.2449
1.35878 12.3193 18.3216
1.35244 12.3198 18.2999
1.39356 12.3199 18.1976
1.398 12.3184 18.2778
1.39578 12.3204 18.1927
1.35833 12.3182 18.2562
1.37156 12.3207 18.2282
1.47289 12.3207 18.0903
1.35244 12.3189 17.986
1.35289 12.3198 17.9533
1.37756 12.3202 17.9299
1.39489 12.3196 17.905
1.36589 12.3199 17.8338
1.36844 12.3191 17.8917
1.36267 12.319 17.6883
1.36322 12.3187 17.0859
1.35311 12.3189 17.0972
1.31022 12.3189 17.0667
1.36678 12.3189 16.9561
1.38933 12.3176 16.957
1.36522 12.3188 16.9512
1.33522 12.3164 16.94
1.33833 12.3184 16.9487
1.35944 12.318 17.0587
1.39978 12.3174 17.0824
1.38444 12.3189 17.0772
1.39456 12.3198 17.7127
1.35 12.3211 17.8272
1.37856 12.318 17.8459
1.36089 12.3204 17.9374
1.34111 12.3197 17.8704
1.36422 12.317 17.9712
1.47089 12.3189 18.0039
1.34722 12.3198 18.0821
1.376 12.32 18.1669
1.35767 12.3212 18.199
1.38511 12.3184 18.244
1.43556 12.3196 18.2219
1.39189 12.3192 18.1681
1.39367 12.3202 18.272
1.39267 12.3187 18.3728
1.35844 12.3198 18.0996
1.34844 12.3184 18.1637
1.35378 12.3193 18.2543
1.38156 12.318 18.2694
1.40233 12.3188 18.1958
1.39056 12.3193 18.2472
1.36533 12.3196 18.2708
1.35822 12.3189 18.2598
1.34889 12.3189 18.261
1.333 12.3196 18.2788
1.35656 12.3196 18.1568
1.35533 12.3189 18.1464
1.33933 12.32 18.1393
1.36967 12.3196 18.1559
1.37378 12.3187 18.1439
1.38922 12.3191 18.1317
1.36322 12.3191 18.1939
1.36333 12.318 18.2208
1.34478 12.3188 18.2218
1.35256 12.318 18.1423
1.36622 12.3186 18.06
1.37467 12.3182 18.0891
1.36767 12.3199 18.1401
1.36244 12.3194 18.0738
1.42189 12.3217 18.0952
1.34044 12.32 18.0863
1.41211 12.3189 18.1856
1.38156 12.3196 18.0499
1.37056 12.3207 18.0482
1.35722 12.3192 18.2147
1.34822 12.3179 18.1753
1.37822 12.3186 18.2018
1.37789 12.3167 18.1534
1.35678 12.3197 18.178
1.35344 12.3188 18.1057
1.36456 12.3177 18.1138
1.37311 12.3187 18.1213
1.383 12.319 18.1299
1.37411 12.3197 18.0811
1.33322 12.3207 18.022
1.36056 12.3181 18.2732
1.30711 12.3208 18.2364
1.37333 12.3183 18.2386
1.34733 12.3186 18.2619
1.36544 12.3212 18.2394
1.38267 12.319 18.2568
1.35356 12.3192 18.1973
1.48167 12.3207 18.2238
1.40278 12.3189 18.2324
1.36256 12.3198 18.3412
1.36589 12.3187 18.0574
1.38889 12.3207 18.2161
1.33833 12.3191 18.209
1.359 12.3198 18.1727
1.36533 12.3189 18.1777
1.386 12.3188 18.1446
1.34433 12.3202 18.1289
1.35211 12.3199 17.9842
1.36011 12.3181 17.9639
1.361 12.3224 17.9292
1.35511 12.3183 17.9313
1.39344 12.321 17.8692
1.37011 12.3188 17.7506
1.37711 12.3199 17.7738
1.36933 12.3188 17.2832
1.39122 12.3217 17.1067
1.33 12.3206 17.0692
1.39378 12.3196 16.9402
1.36133 12.3183 16.9851
1.36356 12.3194 16.983
1.36978 12.3201 16.9523
1.36489 12.3216 16.8978
1.33233 12.3174 17.1424
1.35633 12.3194 17.0906
1.45022 12.3183 17.1096
1.35978 12.3202 17.6594
1.34167 12.3192 17.9332
1.455 12.3198 17.8753
1.34044 12.3191 17.927
